SCRIPT_ID=run_secondary_progressions
SCRIPT_VERSION=1.1.0
RUN_STARTED_AT=2026-03-04T06:30:22.166Z
RUN_FINISHED_AT=2026-03-04T06:32:25.200Z
INPUT_HASH=408d49a4f1d4f48e6da1ff3582ee42cfd9d508d330e0b42acb50103163f8f0e5
OUTPUT_HASH=817070e075e3bf6286e771be678297529330a9a42281cc5f881d5a58e6967cd7
AGE_YEARS=79.721482873
BIRTH_UTC=1946-06-14T14:54:00Z
CASE_ID=trump_19460614_1054_progressions_now
LATITUDE=40.7
LONGITUDE=-73.8164
METHOD=SECONDARY_PROGRESSIONS_1DAY_PER_1YEAR
ORB=1
OUTPUT_DIR=D:\Dev\CATMEastrolab\artifacts\results\secondary_progressions_trump_19460614_1054_progressions_now_20260304_093022
PLANET_DELTA_COUNT=10
PROGRESSED_DAYS=79.721482873
PROGRESSED_EXTRA_POINT_COUNT=3
PROGRESSED_HOUSE_COUNT=12
PROGRESSED_POINT_COUNT=6
PROGRESSED_TO_NATAL_ASPECT_COUNT=6
PROGRESSED_UTC=1946-09-02T08:12:56Z
TARGET_UTC=2026-03-04T06:29:42Z
