CASE_ID=tuapse_19820613_solar_arc
METHOD=SOLAR_ARC_DIRECTIONS
BIRTH_UTC=1982-06-13T09:39:10Z
TARGET_UTC=2026-03-02T00:00:00Z
PROGRESSED_REFERENCE_UTC=1982-07-27T02:52:50Z
LATITUDE=44.100833
LONGITUDE=39.083333
AGE_YEARS=43.717833813
SOLAR_ARC_DEG=41.714187194
ORB=1
DIRECTED_OBJECT_COUNT=18
DIRECTED_TO_NATAL_PLANET_ASPECT_COUNT=12
DIRECTED_TO_NATAL_POINT_ASPECT_COUNT=10
OUTPUT_DIR=D:\Dev\CATMEastrolab\artifacts\results\solar_arc_tuapse_19820613_solar_arc_20260302_105559
