SCRIPT_ID=run_solar_arc
SCRIPT_VERSION=1.1.0
RUN_STARTED_AT=2026-03-04T06:32:38.355Z
RUN_FINISHED_AT=2026-03-04T06:34:42.079Z
INPUT_HASH=52293a3ca7517cf543b948691b937da76748e73e2bbb4f4239d88a8fe9882dbe
OUTPUT_HASH=38209c96cbb7d5dc93e6e8f46f4c901a013c6de087ef30ed49ebf77e116a8338
AGE_YEARS=79.721482873
BIRTH_UTC=1946-06-14T14:54:00Z
CASE_ID=trump_19460614_1054_solar_arc_now
DIRECTED_OBJECT_COUNT=18
DIRECTED_TO_NATAL_PLANET_ASPECT_COUNT=11
DIRECTED_TO_NATAL_POINT_ASPECT_COUNT=2
LATITUDE=40.7
LONGITUDE=-73.8164
METHOD=SOLAR_ARC_DIRECTIONS
ORB=1
OUTPUT_DIR=D:\Dev\CATMEastrolab\artifacts\results\solar_arc_trump_19460614_1054_solar_arc_now_20260304_093238
PROGRESSED_REFERENCE_UTC=1946-09-02T08:12:56Z
SOLAR_ARC_DEG=76.324799056
TARGET_UTC=2026-03-04T06:29:42Z
